9932
287
25123
15695
1687
23050
21181
19627
15164
299
18024
3525
7650
30879
19994
18374
10970
5634
18767
31562
17189
19938
21422
10606
10038
21364
13801
4394
3832
24710
24037
22242
787
14773
8731
18999
23404
17120
21566
15907
1770
14301
26397
10053
128
23914
11212
29817
5480
15974
27134
21932
24748
18753
22454
25839
8171
25009
13343
26057
17754
15014
2487
3794
27401
3201
23475
4477
2920
31616
17056
21558
8969
17021
15430
4781
8103
30169
13009
22641
16488
29363
32563
2496
19295
20061
27332
28318
15445
23056
29739
29732
20681
3806
23426
6171
5429
30185
14773
13001
22419
24787
10027
4875
8992
1653
13737
8356
10592
22484
16755
30933
15458
8528
23988
14638
15941
19487
24607
27811
10747
21498
20439
20194
6477
17686
15244
23012
27679
22102
15079
20930
29942
29631
7977
17099
20151
19756
5903
9683
16306
15683
18936
7885
19934
7335
11849
2461
26726
21871
7953
18727
19045
19160
29929
3244
31470
26934
9759
32598
3664
29233
12819
5649
3224
22829
23520
28573
8535
17418
30783
31457
30885
1038
21161
22403
28005
6943
28092
9397
27851
8502
8928
12882
13084
7696
25898
18473
17845
11047
11137
30617
20047
29152
17919
11102
15233
23046
8857
27050
19078
31863
17667
31863
24129
11805
30158
29724
18302
14112
27860
14367
25211
2650
31445
6731
11687
4364
30306
8194
15785
24271
28666
30164
12964
25037
29044
16720
4794
25392
19612
17689
11727
27611
15649
2877
28303
24920
25007
2499
15538
28434
20568
30083
21630
4037
19000
14139
14222
19250
21081
14046
6867
31767
11220
28975
30168
12894
825
2959
5962
1429
18225
23059
25271
27550
29794
3034
7062
26536
22675
29086
24968
9566
4369
4744
16861
21597
18513
841
602
22508
30422
13158
2361
7911
11093
9427
1650
14333
7704
16836
16953
30236
5024
17600
13512
14632
21134
26359
19294
12019
12484
18645
32392
8298
31687
18647
7583
7948
16487
15518
29586
9889
13731
16450
10469
1832
20167
4072
1786
11025
14551
8087
144
3500
18224
25927
9097
30178
4973
2363
22512
18723
21640
28817
4154
2719
12609
22040
20172
23225
4548
25953
9406
2744
13446
3097
3551
6336
2672
30101
19961
10242
7743
25775
13142
18735
2859
24529
25218
10034
18118
25423
3923
27678
16936
3578
18215
29285
9801
31730
12397
5708
12206
17339
25447
15259
27976
18835
16429
23449
26265
23811
26102
12087
27928
21685
12179
18828
7383
7301
22844
13953
20579
27098
13199
29134
3051
2615
2006
18981
9125
13
4489
1196
8558
25044
12564
21681
11697
12121
15321
31642
32649
4442
3449
9498
6186
14160
15951
21419
19837
18316
9022
28984
26634
5509
31405
22553
22555
4721
27343
26693
17950
11282
13608
31939
588
3539
17229
21858
6024
30739
28907
18602
1418
8641
14090
21010
26172
22569
7315
20596
612
20749
4112
2237
6532
25336
3764
16617
24830
6095
15515
1839
32380
19881
21074
31096
399
23008
922
8470
8343
25193
17257
14003
15586
24928
2354
25223
29208
1767
31590
19663
13526
27953
9019
4730
17561
21210
3500
29221
29918
20346
32193
17737
4487
13945
5136
6579
25217
7205
3972
32565
4772
12545
2909
23964
32218
26464
24184
26337
10884
5939
32721
31140
29209
5152
5190
2005
7440
27092
2462
21941
30209
12953
25289
9469
6151
15403
6505
8284
31848
28359
14482
6951
2936
10886
5326
31053
13498
3817
17765
21385
21065
24757
17115
11227
23414
513
20153
17976
10931
12429
2193
31105
23216
32341
21564
3250
32451
14438
30054
29788
14989
12273
1101
1109
31963
6558
8133
27053
25034
30498
128
229
47
16148
20876
23644
9781
14076
29213
3850
18760
13230
1165
3952
11570
13270
28321
18127
1668
2259
12046
8345
7224
457
11323
11813
11412
19697
24649
12966
6482
820
1617
11102
7933
4601
11500
10255
7070
30523
20985
1971
10392
990
27546
28012
3025
6211
640
446
17426
3866
16745
21500
13489
19063
7654
28672
13421
5928
32354
31775
921
23111
352
29533
28029
15627
18948
20444
6393
19171
30165
14747
19563
13766
8129
3421
10451
13508
5218
20454
8245
12514
7039
24941
11071
13348
31446
1359
556
20203
5656
4609
23784
26497
20534
23880
32373
10227
4571
14508
3981
32287
6457
4650
3209
25101
30473
3369
19073
22147
23757
10159
22453
22483
8281
16341
15147
11512
6289
3448
22426
20193
14196
25650
30087
23053
1370
20872
14510
15960
24953
27493
1187
8469
11182
25288
5305
9564
15227
11961
19235
3749
18508
25473
31577
29078
9982
2586
13246
26394
161
3045
19071
30131
26237
1691
12734
9489
26452
7302
22256
28643
2535
5361
4483
2029
20667
24797
25796
8283
11037
22517
6401
12885
30564
16836
28650
28627
31350
32550
30781
22707
28814
26620
17571
9737
6972
12580
2517
32694
28845
28329
26626
12348
20524
1590
25461
19152
24553
9681
20595
30641
30713
4805
13922
23225
16031
25824
28209
18481
22986
479
32755
15338
23006
27943
973
18057
16823
16310
2579
25891
20460
23640
20142
30474
27984
13342
15297
17894
25791
12044
32652
21511
18455
3346
14736
25849
9860
21310
755
29785
30721
6447
22055
3816
25115
19149
6599
16862
14840
12855
21185
5249
26521
24061
16826
16373
3676
14224
28590
6486
7877
24054
28119
25092
13693
6338
19665
29246
27547
30532
3835
29171
31779
28669
6688
5076
25292
5205
27735
1710
22535
11409
6183
4343
20028
20479
19439
2727
21591
19827
26757
10569
387
30711
27422
21073
20021
11199
11886
26544
32365
8027
18192
17062
313
21808
32551
20695
27002
16681
13638
1954
25578
30378
8845
8622
20062
29382
19477
23237
21577
22193
9103
7654
13442
9848
6951
22933
5191
24559
12463
28278
897
32235
13305
27674
5705
15282
19588
4121
14252
11440
603
15201
6571
31852
20027
20941
26246
27322
29940
14330
5947
22577
12817
25430
4937
30431
30139
12409
32185
29500
14811
29625
21343
10589
12927
30712
15966
14954
23935
24513
17130
5714
13664
7316
10578
19901
2936
28797
18749
16451
19795
11755
6707
31451
14678
10688
11616
23190
18082
5029
29845
18317
17468
10400
31376
7191
29546
29672
28797
3136
8544
4600
13501
8567
1051
10722
14053
7815
24206
4326
23818
24521
12284
19523
20028
2967
29349
25933
18000
9987
11684
17344
22243
25289
24088
596
14747
13443
31618
29073
6064
4124
7022
15589
27307
21895
30806
26100
23150
18097
24515
2607
15477
6580
19381
9896
6235
31565
11077
20004
21920
5520
7817
1394
30377
28378
10680
14844
1288
13576
9102
1692
4862
18662
25330
15025
30270
7658
28631
22385
8180
16931
15200
30593
13830
8812
9031
21699
20890
24293
17535
24687
1752
17316
24856
8549
6641
14759
23908
19649
1376
17421
6232
19632
13680
23942
9012
10627
7422
18953
7271
2306
1920
12485
12716
14339
19526
4697
3450
29243
18176
28487
13211
23635
14721
12966
4378
25662
31426
13592
17251
31691
5930
27644
23206
24950
17932
6373
7036
27524
22642
3402
973
2383
1305
22143
5873
28382
13756
26083
13589
7864
14741
2396
481
17914
290
18432
7768
7848
18213
30485
14847
19521
19182
6972
16193
26262
32732
27113
7954
9947
22050
32534
32723
27391
199
6969
21365
825
23793
32115
6370
32228
24162
11786
19608
25996
9539
19737
19607
9545
8480
14726
13182
1867
25909
9269
28401
439
4584
25467
5437
17842
30614
6870
15935
17594
22162
2779
25474
8253
24683
7535
2983
14180
24174
570
17674
18224
8556
28505
13218
20681
7870
23123
13865
14867
24197
15695
26237
23681
7990
15492
31047
30254
21079
16368
16602
12586
22147
21837
22366
13585
4788
28225
13357
30435
22210
20181
12413
15119
9510
16424
16192
32209
18948
23397
23624
13758
25449
242
30383
9374
16081
20458
23158
10873
12268
12750
23916
20213
17569
20087
21329
29919
31316
31823
3388
27655
22628
193
26682
21841
5112
13550
12088
3337
8444
25250
21539
3959
21606
28038
17485
2995
31678
7319
23571
6331
3549
6102
15805
16579
22773
28225
4005
22220
20945
14339
26012
19064
26718
10472
22921
28189
1387
10003
5971
25368
5549
14835
24577
8292
17926
25971
18464
18283
21766
17777
13669
15131
7603
32114
24468
11581
16261
20628
22688
5634
1973
30148
24596
18911
32696
31792
1457
8603
17670
21503
24409
26791
3615
20288
22060
1453
208
12065
20208
4459
15794
4450
12726
20418
17653
21001
5306
16138
6235
13654
3724
12713
16007
28153
29549
9700
2936
21379
508
20469
21073
23835
17170
2653
25691
13426
8426
8315
332
29945
31109
10078
7370
27473
12364
22744
7467
26882
760
9427
30591
113
9647
27880
19664
15628
27247
7726
27816
11208
30640
7504
24788
18381
21061
14563
26216
8047
16004
5622
30723
17761
15526
19178
19796
25125
9329
7300
29661
31175
9236
4416
25847
14795
9810
20200
15639
25444
25570
30310
30799
9703
9238
29143
22552
32126
28860
26848
22094
27169
16706
20293
18812
4802
24861
16823
7770
10440
5482
9454
19092
8127
17878
15096
23757
3406
11452
8913
19940
17769
21134
30259
30582
1735
22646
31151
21412
19351
22077
4861
27158
4719
20331
31121
3647
13189
944
21870
21219
5665
7810
16447
22231
23122
2568
23716
20233
19169
26935
30666
29120
11139
32059
26942
10020
14162
31256
9475
8960
25470
3729
13282
19399
14912
9033
1537
4821
25104
5416
21431
8696
9496
28416
159
559
3304
26224
13547
8113
26219
8201
8443
20273
16922
32432
7983
14433
17519
579
10233
18869
23197
31104
19510
6505
10110
2850
10686
22469
15565
23116
3641
13984
29845
18987
15413
27171
32489
9432
1654
9935
30678
10619
13709
16577
6550
17846
27565
20533
24326
32321
31417
32586
10843
19153
24737
25861
17424
26943
24047
4503
17954
27622
23197
12259
18304
1869
3370
24635
23485
25350
6125
12394
15113
29141
4264
21752
9823
5397
9824
1961
23552
3928
22892
12103
12319
2638
31181
13473
7646
13288
24509
10452
25721
14012
4746
8393
1217
4524
20901
27135
13005
4802
13302
31883
4076
31071
20851
20061
16605
917
10993
27588
13379
27345
17466
31029
11603
5053
9311
584
26320
30052
12368
14851
25145
31640
5033
4187
14145
26768
11215
16632
30591
31190
10556
16185
31335
21601
23319
9080
9593
31741
22792
32143
1208
23028
32586
12442
18270
5863
28930
15359
29902
19453
5327
5548
28106
20288
16290
31136
3558
8003
464
21165
316
12808
19045
8316
8802
11042
21692
32465
29849
15639
5196
12816
3655
14856
4805
23809
1960
6036
29788
17360
16832
27129
5730
16472
6548
6780
31772
19360
23449
23820
32207
16550
2925
10530
28186
15452
21445
14827
10632
16113
12967
22953
17510
29265
13785
31831
19154
14831
23449
28043
18197
28610
27534
5537
563
29325
23551
6678
12992
26980
5955
23858
3572
24684
13688
8426
28418
8930
32376
20740
2214
30303
18441
14460
21757
7002
1108
9767
14234
14062
5273
17558
1494
2525
13344
10557
26983
6358
3955
24276
20789
10739
23498
28414
25705
15238
711
12073
11206
22549
13923
21685
25916
27555
297
5208
13754
32305
9890
20673
11589
30597
26640
7291
20807
20522
350
4885
8489
21432
29272
19840
18723
22614
26648
30136
30547
3964
23232
15782
1805
21502
13167
15686
30323
6470
3693
31749
23109
24544
28073
10605
17402
21309
28518
18691
19983
29872
23857
21872
17055
30653
10006
7904
4148
13203
7955
26792
221
19927
2253
2603
26496
675
20866
5886
14194
11727
1087
21066
14917
31087
20051
29042
22497
21916
10243
29174
9430
7544
30079
1688
10993
3436
13333
24509
8206
28340
1957
21269
32556
7198
15445
9854
14279
17422
4229
550
26466
3014
23302
19952
20835
30692
24966
32282
2339
15916
29519
4892
582
25736
7218
20691
31560
20813
957
28894
30297
12480
19637
21577
13419
21465
2240
30824
26249
27719
5217
13062
2410
18867
28457
31168
8006
31817
25644
14507
15336
117
5811
31805
5893
22506
18224
29290
6348
13289
25719
1805
5310
5312
15658
8074
9920
657
25973
14769
26222
17236
9468
29158
25779
12831
274
13439
10134
7077
14124
7790
6231
17406
15253
20768
6075
31142
4195
15781
11428
22983
2217
11024
228
10683
19438
31777
8275
27084
11742
30753
11808
1343
11840
6926
1124
17298
13608
12536
29181
24321
24430
16555
2713
25679
28510
2446
15633
16322
13745
6347
9209
7024
1725
14768
17525
29369
4072
17750
12109
32533
8546
5504
14404
25104
16404
7877
14246
12434
5075
30194
2593
17252
1498
17578
17109
28912
9079
29007
17326
5192
6404
32294
12274
1386
22809
25525
27926
26307
17408
27248
9686
27633
25449
18325
901
32205
3679
341
4513
24489
2427
24116
32682
14806
30552
25522
13620
11626
11590
10283
27708
21823
16451
31740
17848
22591
24103
11751
3185
28895
18206
28345
6677
3562
31579
6185
4744
28800
28939
23300
27004
27486
26248
6279
26177
10080
9424
27404
6622
4419
17973
8682
31584
21680
21846
13462
7794
2166
22605
28942
14382
28696
7210
26999
26163
30343
21665
25860
27640
17968
25599
22555
23136
8761
24418
10163
21902
25864
9002
15361
27898
18438
2987
9811
14788
22690
9764
24124
14153
16024
28149
23025
2549
14195
27148
1523
10328
27472
16033
24558
6779
32486
1827
14561
17268
1731
3186
25216
26936
16344
11086
19415
28337
12600
32528
20783
29712
6941
9367
17205
20837
22316
10630
26969
8044
3578
31661
885
17066
26062
27844
3759
11449
3753
7775
20896
18401
20355
27166
29622
16616
30936
6692
9174
9002
24675
1483
4678
31468
18986
26262
16843
29165
25274
31080
29710
6718
11956
16371
13636
23380
5000
30322
19214
13660
23937
4507
2718
20174
26370
22735
23068
69
17679
28821
24904
21134
7438
26950
11616
8958
1999
9738
19524
25097
9675
12290
8920
8209
18601
18887
682
23676
22023
22292
17109
19209
18294
27839
24613
868
27590
7406
26747
20216
19845
21383
13683
2308
25282
22248
14917
17649
27158
16601
26857
12003
6374
958
29311
23182
32482
20498
26349
29771
17105
28176
30666
2154
7313
24499
25211
21706
12377
24289
17819
22696
12098
3043
26017
5813
24838
24601
9404
15723
31495
14572
12802
10656
26771
3843
13258
30556
26726
11706
29014
5352
9072
32464
16310
3111
8409
15967
13800
30249
15171
11026
27716
19710
31567
1682
19224
4040
31586
31297
11407
27924
14505
13355
21975
26475
30042
20538
2946
10275
4157
25001
17709
29819
30060
12474
17504
30952
3159
172
4790
24233
18186
29159
11070
24481
14003
21627
21280
19558
18782
32456
25988
14486
5380
31870
5807
16746
21444
10697
29295
8845
30064
3781
6586
3374
27211
3896
914
30036
2833
17024
17707
18801
16952
1994
9552
18491
23158
10885
32515
26807
5763
11031
14180
2198
30240
32718
19156
21701
19544
25113
13657
8256
2822
31736
14916
7463
26519
2481
20242
11283
15633
17349
11665
13738
20308
9506
20804
17009
21409
24986
25607
17634
25176
8340
24054
18879
13830
20481
23692
677
23454
9106
29960
24292
14343
5160
1557
9870
1751
29581
19625
19406
13919
26721
16430
26235
17639
26199
31200
3565
826
30369
11126
1296
24678
25768
26884
27830
8893
8961
18976
28722
12831
31900
9796
8226
22396
26175
28787
28556
5524
1075
30239
1837
32513
14398
1355
25357
11640
19409
15853
28247
15948
2689
4758
4456
30771
24763
15444
26150
32333
21172
9688
1683
13410
24480
4564
10658
14444
9508
167
585
5461
22285
6460
5335
4865
24386
6447
30344
18319
14839
4146
11094
19932
25124
27312
5651
17737
25142
4016
11957
32447
23812
5627
29425
31472
8964
21633
17675
7647
10175
20985
11500
15266
27522
22472
12149
25190
11607
11300
12307
1461
31027
14201
4243
28404
26225
6411
824
5936
6783
28382
17163
19994
25560
21715
9843
21071
306
24339
16389
16093
26872
5040
413
29187
9466
10122
5550
20793
5732
624
25302
3696
13804
20104
28086
21147
9296
5873
3328
29038
7936
14758
9169
2662
11543
12454
22082
15113
6288
30290
27706
18031
1975
2326
22150
22017
19165
21067
2603
14209
12880
29788
9722
15435
139
17448
5734
7642
19625
29096
11155
2957
26912
9170
21935
17835
8875
3005
31621
27046
27528
13061
8015
21404
18148
2417
17868
14627
2196
30163
21395
24902
15621
28208
21671
7627
19830
23329
25163
27064
13412
19065
6936
20757
22086
13608
24908
1522
21115
23648
21349
18092
24705
502
13039
31085
3431
10
11674
8434
28037
1002
15503
3729
5738
28724
3588
30074
29974
10811
11534
17213
21610
22188
23479
24972
10204
18802
21329
17730
28271
11478
24330
28325
16867
9195
1216
16104
26152
27689
12310
18165
27929
16984
5063
29545
16999
3760
13626
14815
13267
7230
22103
11121
18849
24457
12698
4220
841
4214
15461
29092
19567
7017
25499
12824
15893
11693
30314
7959
16
24854
13160
6324
24248
19172
11234
14294
26852
29163
29040
5506
10774
28657
16845
5981
21746
16984
9446
25964
29173
3581
12593
27935
26211
23135
27200
5518
26497
2052
28054
2306
11781
1560
25017
14263
32203
2904
23433
30688
21961
22062
11727
26348
23621
14365
22297
28680
23365
28768
454
7141
24904
6606
19037
3515
23091
12289
16419
20878
13454
28599
21484
24496
26352
5752
10545
31111
27064
17786
32099
17296
30974
3009
6527
16548
13002
23434
483
4730
25987
28394
22624
9070
8874
24499
9360
7552
27080
30359
30313
21152
32676
30096
5907
31273
17850
24959
15351
26539
9705
3859
28697
7917
26220
30444
10151
26930
31243
5376
12754
20412
8338
22334
31964
8079
27523
24434
24690
23159
31496
7273
25149
14668
1835
32341
10420
9077
2377
19058
4148
16299
6596
20970
5714
511
22009
4087
3952
23327
25202
29511
23182
27861
23900
22180
1891
26576
21819
27860
8876
30375
6108
9150
7365
23067
28043
17103
32374
6813
5255
18588
24591
29456
4275
19401
22199
22735
9102
25385
19457
17650
101
22822
29632
8909
4296
11876
21533
1978
23866
12193
5094
6169
28204
8928
809
15764
14637
20422
4610
4776
28251
26436
10673
10080
14877
3702
7151
868
20244
4299
7299
2355
19534
32103
30992
7853
21437
13253
817
16084
25832
9121
24775
22739
20449
17429
13970
8256
21623
1538
24831
12958
16812
17841
12097
13862
10602
32698
21667
21959
31857
19749
1053
15979
8852
27344
27173
380
25381
20496
30919
166
12718
6299
14840
18143
13025
17830
7208
29349
3538
6730
27926
5511
23908
5932
30440
11495
22017
22877
29563
6142
29583
24703
18936
12065
17311
42
19112
24642
8167
142
23817
29881
27890
12889
21537
25669
12566
31195
23826
22861
6055
5479
15343
19052
13418
8957
19150
19757
6988
10535
28446
1555
8276
10017
31035
23005
21463
28732
8768
17415
3819
22148
7197
30356
9245
26785
26601
9995
2151
18171
26233
11456
2140
21538
22321
21588
23974
17516
14618
3199
14514
20704
16949
20493
4778
4434
24847
28967
23460
16848
31894
10708
22809
30525
26155
5568
18584
1852
12792
31035
6843
10064
27012
31108
23131
1857
19588
10824
5120
27329
5109
5222
20891
1615
27495
6645
32376
9052
5276
23432
18286
20396
26961
688
19289
7168
12124
5571
12234
11762
29431
14556
28156
10528
23388
35
27658
13196
11666
14159
13920
6467
29062
17001
28015
21309
27997
31698
15270
30085
27401
13191
26525
18585
31770
13220
22163
4628
12247
28199
4890
20618
28558
14327
11281
28340
29992
13605
32723
12749
4096
23153
18350
26427
11254
10256
30615
5490
20159
428
17947
13334
32639
18349
28825
12127
19609
5559
4015
15042
25541
19059
4082
14030
28772
15507
8930
11860
13329
16656
15389
11978
3449
26294
28370
32753
24940
2787
16249
32438
6708
11148
15809
8022
12581
6784
31434
23238
30325
30193
12181
2898
2894
2608
10169
31876
16930
184
17495
12871
22847
110
11087
11084
17315
8999
30388
8877
29713
25707
30846
5329
24164
28025
26239
2959
8996
25226
665
30102
6487
5466
4909
3340
10905
16613
16342
4469
13679
12910
9816
22743
27097
966
15315
31771
21542
19147
20029
8887
2572
25135
14862
12682
11768
12155
10301
24839
15523
2643
26732
32406
22758
10491
15200
23863
2511
13850
8627
14697
7924
29630
717
5194
12039
4001
16400
18943
25771
3243
2131
26454
3462
26039
32658
682
8088
19866
3811
7176
10443
12385
28844
18575
23755
23003
19732
11549
13591
25944
31415
3112
22361
23215
14238
27369
13811
7302
28270
4544
7898
3021
23519
27604
11431
1164
10352
2554
19947
6111
19034
19672
22211
10046
17346
31306
20653
17666
4402
16900
31898
32293
23626
30073
15173
29002
18099
30460
20418
22269
24917
9253
12378
24379
9162
16247
22934
2101
30738
7487
22426
21073
11912
6079
31156
30066
28180
3724
25653
31609
29859
30005
29824
25612
15316
13605
11104
13718
22004
26315
4511
8078
5933
9720
19156
4605
24314
1416
19068
28218
5598
26180
24396
13560
13142
13575
2246
21891
24588
21536
19211
583
2125
13304
29936
11922
29373
24309
3155
6555
12106
31901
21680
2754
29278
4095
9199
8985
12377
30030
31104
26660
3390
25296
2986
27613
29868
28918
16160
13819
28177
28109
15574
21108
282
32661
6674
10561
15982
23214
18118
865
16539
3772
13853
24864
14672
12035
30036
1433
24270
23059
9419
23418
19865
25770
1884
5895
12915
11222
7147
14690
20618
21082
30014
22793
14321
27987
17423
21408
16461
25627
18272
19697
7121
1902
5903
7985
5740
9163
31914
8324
21824
4893
20100
25028
10839
4507
265
19070
20625
23021
25166
13886
9185
19600
13293
30477
10681
9851
5903
24887
32195
2819
32458
17490
30418
25852
7342
30075
6168
25377
31642
20195
8857
5046
15572
18571
23263
25451
11097
3659
22256
900
6514
14105
26749
31543
15496
392
30556
26709
31545
14735
24633
13101
25004
11148
11144
14766
12321
18568
12477
13771
14284
24509
31168
25380
31203
4437
31387
10210
15606
24181
29046
17634
3199
31354
710
20759
22202
16771
26049
1065
7350
30767
13589
5218
26796
14504
14297
11211
32401
12512
14020
14482
31463
5658
12701
7343
21464
29101
2290
199
28805
11012
28685
20049
19100
29418
15140
5367
20008
29700
24016
24383
27566
27807
11712
14954
4213
5549
15791
30109
31013
31497
25747
23614
4756
10499
17688
28577
23772
21272
26956
25572
1201
22529
18076
25623
9969
18160
15871
24992
29309
18966
27761
29406
7240
6760
24483
1293
22957
24739
753
25962
21766
10125
22676
26007
20602
17278
21273
8000
27414
21280
25361
6911
15391
15731
3339
24189
14503
20756
7103
9691
5983
26814
17036
19536
9900
14609
17445
10259
18685
11154
29063
23931
2907
27380
5422
28004
2626
1174
7816
726
6319
17228
8618
17377
23930
10082
32578
10699
23270
8158
18636
9326
5239
26886
13577
3291
18179
13346
14509
11075
26380
31875
5976
21528
22861
11716
200
24687
6547
32592
3661
1449
17358
10532
13437
20562
13160
21975
32040
17993
11477
30167
7567
29729
17772
22517
15568
27080
32117
11044
32421
27238
16515
19837
9806
21384
16388
3207
26060
32638
23574
15030
11600
9985
3740
15921
3827
1562
3217
31960
2727
18495
4509
18822
22126
32702
2534
13971
30410
11359
3625
29086
15220
5444
26121
3209
29776
31253
1191
22468
29345
24410
13170
12751
10874
31272
24385
28666
2165
32512
15263
17520
20390
22516
12389
17779
5074
1547
17807
31209
9181
12775
328
3864
30850
12197
27719
7086
31559
31237
12382
5124
14767
26827
1360
21411
22705
9829
24548
24584
23657
10445
5943
18596
6158
12721
29782
18471
23076
6610
24588
2814
10482
27562
8953
16154
9015
4433
27620
20724
22809
6561
4179
31182
12638
22681
15192
827
11998
26367
32429
25569
10808
17737
31235
6526
21445
9662
3224
25641
4554
8665
17672
18139
3826
24302
869
28973
3323
26127
393
30307
20399
13105
13739
30122
13334
16267
17201
6046
18410
2879
28101
1295
30027
27196
17067
15109
5812
6243
27730
24577
1838
22761
25641
32390
707
9468
30387
18648
27446
11689
19934
18948
17649
13565
30097
10272
63
618
3716
23508
25275
30317
9044
282
9481
366
21463
9537
6339
488
19117
13880
27318
19913
12567
30473
21839
27420
5388
7588
22352
15333
30090
32222
17095
8524
26923
26041
14401
23038
4856
3814
25147
8145
22913
18824
1241
18599
5166
17467
13787
28308
8912
5461
20684
25411
9083
26988
31612
29333
15000
31512
20145
14476
8502
14329
30490
3688
28065
14076
25220
21263
18998
25563
19792
4786
3701
995
17445
20910
28248
30714
28130
32432
13283
24544
12759
20509
14077
693
3636
4273
1918
8380
12993
8038
32137
4702
13264
9879
9244
22642
26993
20069
12773
443
20196
28250
1112
2482
30292
588
20734
5254
25794
26244
272
11362
27199
7968
27460
25582
19038
11958
24551
536
18665
16442
15148
6932
28371
10274
29124
15009
7022
199
19374
911
13790
26127
16721
26750
4814
5193
11976
25064
25185
28248
20861
17762
14955
12052
17401
8734
4322
18925
27642
18101
14991
16082
3782
21539
16905
25937
32704
531
10980
29439
7481
30814
29990
16666
3976
25038
29946
5485
32349
7207
21161
29300
12370
10600
18117
12993
18627
17998
26280
29598
6112
18970
5405
4852
12544
13204
27484
17515
15161
1872
11836
467
12333
25392
9124
23235
32038
27434
23618
26495
14950
29515
17792
25375
27832
2812
6068
12526
1355
19845
29847
20753
5056
7119
18937
2153
24194
9070
19635
16314
21846
22238
8156
24076
4659
15117
31808
8785
23635
11802
27661
16457
24970
2909
28368
17571
6615
20647
6560
1125
2361
10443
1945
7053
21443
32605
11917
16120
22515
441
27637
25988
17216
12615
24110
3186
21746
27390
24034
6926
17206
2087
11204
10641
30322
31844
9856
12102
3798
5360
7409
23532
26676
15656
4245
8284
4113
27723
31807
10859
25084
8318
29452
22546
15902
2835
11160
26060
3603
21002
19314
23616
3064
2776
1741
288
32709
21096
26744
20305
26333
9824
22032
14924
14820
25509
9332
16580
17617
3617
20601
4745
17732
17860
12255
19884
17177
3272
11908
5860
22333
17210
27608
4400
21696
31670
19601
30910
2092
3442
21664
25868
278
1917
23907
30285
6642
26953
31772
29198
12844
17512
11426
4889
20084
11155
5206
4249
4953
4848
29017
8320
19993
1429
2556
31014
32695
21576
12408
5682
7759
8584
12000
17598
167
28370
12115
15030
10246
3869
29814
15745
23625
8871
30241
7140
20019
32755
13913
32547
13317
11794
25215
22377
5198
21539
5318
26473
13061
16918
18923
13126
21717
30389
24352
22192
19640
18148
11337
1617
1991
2599
3690
16487
2897
28774
30304
28850
6442
25837
20432
2960
28229
8887
21598
25703
20357
24044
7967
17219
22737
9896
5200
32192
16999
26878
29000
5931
4210
11837
6315
11236
24798
881
28385
11270
19307
10541
23238
10570
2048
28808
16035
15401
20291
26982
32094
17473
10598
17913
24557
2042
8003
6023
28432
30569
428
18541
5440
5749
15100
30564
7394
21048
24306
6147
24257
17832
27840
31877
13499
12662
30558
11469
1211
11062
10276
11943
30695
18369
20376
9041
12826
17623
30853
24122
7572
30217
12621
22793
7920
30934
32639
10465
17751
29717
12716
22755
19188
26259
887
19957
31143
18684
18412
6082
18430
1791
3603
21250
16993
5037
29636
252
5260
7458
6844
30793
18243
9064
29681
21210
1600
30360
21795
32061
625
24642
3252
19227
17504
31759
26553
13574
755
933
24145
9073
21077
4555
23094
27392
16180
8398
19345
24067
10797
18467
19
5949
30596
32077
28737
25065
26393
23554
30479
25343
10391
14729
10161
26547
32751
1894
13742
32062
3589
18745
9014
13794
4520
8676
10677
16168
13512
15340
4264
11629
14819
4386
26288
8348
7617
21890
20708
9789
353
2395
25708
31919
28723
30384
15948
7089
22152
7646
19837
9768
15430
21888
834
10524
6112
8592
23993
19459
19845
1487
176
22082
11928
22374
20667
11761
3425
20941
17539
13278
14594
29420
24673
8405
30124
25216
4140
18463
17682
26817
21327
25417
4894
14402
28446
19239
6883
3864
7018
16919
6100
29502
23890
13194
5939
3640
1117
3265
32204
27639
32198
4821
5602
8445
29207
23034
14698
7105
24825
16900
27767
9557
12107
7211
31734
21830
23409
24075
29851
31940
19439
1519
1563
19714
27702
5198
9884
15584
3005
16022
2665
29128
13140
16169
17387
12245
25782
26277
8149
5435
30813
21097
4510
9443
3482
27733
17460
25685
16612
6096
8943
4315
7281
12304
28355
12259
30467
15254
13243
32422
13573
30967
12962
1287
8150
10466
4867
20414
18277
14687
29013
5557
8702
13909
7535
19634
24163
9039
7490
28983
7199
8831
18374
1447
32279
3332
3125
3241
19298
24680
14712
721
4698
9581
23006
7038
499
13321
30484
17662
27980
30895
23122
14329
11652
7888
7378
5644
21967
17570
7302
23476
28105
7200
10506
10606
9738
7506
31960
10268
15098
11726
22203
3243
31206
24959
18310
32499
7252
14501
2053
26590
28052
32541
27444
27341
28312
12515
16559
3639
27654
2005
15210
22419
14986
5817
12450
24185
3441
5506
17171
6916
7028
17103
20076
29562
1489
32437
9984
19759
13729
702
446
9382
9061
23345
6243
28922
15586
1428
24046
22140
23855
22640
22356
27806
2828
6228
27766
6928
29045
24092
17744
21032
18039
12915
1907
8839
5187
663
1973
30714
6273
21085
17447
31646
11750
20340
14919
24904
29705
10733
28023
9251
10610
22011
12718
30363
27636
6904
3694
27002
21310
5033
19958
3665
6572
963
3256
6426
18275
9902
23821
17691
5020
23432
21288
270
28736
21101
3400
9854
29622
7926
3122
16500
5368
21503
28639
9555
28141
3246
27762
26625
30707
1713
2925
25671
30394
12742
3363
27259
1369
22657
32369
20060
31131
17994
22185
23869
4506
3749
12751
32614
8080
22966
31496
2231
10217
23044
6991
31886
9629
20349
106
18667
26812
15290
4124
15570
17227
11141
23453
15857
30798
14744
10055
387
8486
11944
6802
19572
32029
25250
11330
32454
24384
17205
7903
28211
11885
9104
8550
21524
11180
14701
26686
21121
29378
27470
21101
21690
26884
21510
28428
20165
3690
8060
30456
8281
25828
9388
3787
7931
25073
24814
25867
2919
7789
14459
161
30257
14506
8237
21388
22444
7363
5254
26070
24331
10029
500
11463
15558
21903
595
25178
27712
31188
5044
28909
16550
9086
11357
18236
14618
13117
20497
10384
24593
19648
2705
19764
14841
6859
29538
26409
1824
6538
7889
24346
23761
23333
8245
23954
22976
31380
372
29805
31143
12469
21448
31885
19506
16283
15811
31694
4889
10281
10897
10043
2955
24032
32382
21890
26323
27894
29879
30117
13878
18088
2645
24051
19994
10193
6807
1847
25710
19898
4207
2095
28229
27956
20801
25919
196
8164
17639
2151
14655
15327
7928
30067
28831
18807
19786
3697
15879
2900
12213
31848
3255
19654
32026
4167
18736
27225
31140
12316
27032
18602
25166
9350
21857
11642
12710
23149
28710
12033
8656
27888
19413
11652
4045
2975
17939
2858
9214
4331
5340
5644
25571
23770
1642
22667
4393
18432
30809
17382
31204
17066
18952
26892
7705
29788
20034
13230
20095
28542
30
23449
10374
19794
32547
67
5017
17961
5808
8867
9120
6615
21659
28998
1226
23652
29465
6816
21641
31492
6622
6560
3038
3401
14981
12423
24278
18072
3121
1529
13653
7130
27253
6228
8466
29043
7025
31554
29923
25976
16702
5002
24891
2588
31373
17708
14832
9324
30346
18348
18754
17213
7
5294
21530
16994
17366
9411
13199
3618
22134
28291
10158
15081
15603
23516
18299
17725
32007
10665
12851
3572
30853
25990
26068
26276
6135
32227
24287
16988
2182
6232
25949
24209
4379
8760
11040
30811
17092
20329
8011
25058
2137
31603
6933
3090
22879
8406
19401
22679
5164
23201
32273
18437
17228
9280
11893
22614
21028
19350
799
10138
29909
18764
4833
12010
18276
29544
7545
10654
26647
15905
6419
31936
4386
32497
14607
12992
30082
26093
20997
24424
25898
8530
16134
19
31837
24416
11301
11290
25179
8811
27190
10640
23359
6959
12246
14895
12584
32100
27564
13457
14487
658
3054
15780
29720
3879
24358
13912
6949
11719
29238
12698
2119
21731
3993
1670
21118
10893
17389
21208
5603
14986
2990
420
12172
21161
3653
10824
28848
31060
2625
23454
3339
12901
22244
10102
18564
1595
7905
579
10254
32524
14436
19220
10700
4220
15955
4038
18552
7535
20179
24952
19973
4124
4879
19776
14723
14436
29749
19740
15428
25697
8640
17708
4669
26433
19709
24862
14766
597
15816
26089
19974
25701
9367
19390
2561
13127
19899
13371
13587
21423
6626
4323
9
25417
24543
3531
5358
6405
7086
5269
24107
32691
3762
31650
18675
16079
13634
13700
1758
26014
13668
5298
4820
27770
10968
30592
32045
24681
29785
28750
17174
27893
26143
15871
13623
14392
1448
10413
12691
17719
12984
5786
13487
20593
24991
28010
1526
23223
19130
5008
860
22077
13116
9735
20546
10738
13102
13890
27545
32525
7349
9317
29003
3304
26772
27061
2774
22290
19441
26445
21306
4512
23388
3348
12822
8131
24333
27883
29198
24736
15469
3627
5743
15963
6361
5454
13334
13173
6562
5100
20878
14937
25944
5354
4728
23345
19016
14574
12848
19454
11843
30485
4525
22248
11169
21993
23721
31442
32646
12429
2562
31282
11620
23611
15201
19488
31681
16881
16409
9133
11835
16486
16210
373
8393
27203
19814
888
10307
29840
28811
26405
23589
26988
22707
29112
11664
29442
20144
12998
28561
21176
7836
21782
13478
22697
376
29107
9598
28502
18963
6463
13569
3992
22829
1930
21904
12506
7389
13668
5006
2436
7984
15535
14623
13242
26643
17080
24367
2631
13939
23751
4023
20948
21666
8948
23867
606
3069
25917
5016
17639
31692
14038
26108
31083
22377
17344
15926
22805
20389
9373
4400
2227
11111
9411
23737
12136
21398
11919
12936
26016
22073
20987
29822
4169
9437
6515
9772
31809
4663
8421
30613
19978
21259
8984
27957
6597
1613
28990
18754
14174
2181
2252
6705
9988
5752
15241
4732
6620
772
7653
3491
29430
1100
12173
26225
21632
23573
29244
640
3385
24432
25300
14079
31273
8602
2221
27315
12432
17952
3885
6460
1052
15942
7577
7066
15710
30122
24874
23023
5247
12837
32100
19078
17455
10994
22179
25109
18655
6930
27383
22847
8240
21230
11569
27485
7339
3391
5694
29310
8626
2859
24756
1196
23478
15280
8875
30322
18603
29254
14798
26267
9401
28864
15794
14139
3893
18548
27750
6132
31695
22171
17739
1394
17421
24571
17957
25144
27896
4035
32371
3231
29973
23990
27900
5659
16022
8075
23467
32705
27090
18836
11676
8198
13299
8863
21367
5578
11758
28442
23037
27797
24505
22394
18144
22048
11192
3549
14296
7447
1656
30445
30707
13597
22175
23048
32557
3089
4387
23711
4160
143
26043
19676
26813
8634
3987
32648
14172
7225
7748
17707
19600
30848
19203
14965
14687
3665
11800
30684
20593
20866
26771
25735
15719
23552
5690
12395
9838
22804
7109
14772
3091
13797
9550
24934
23385
15167
26883
4932
26120
29842
542
1265
13641
2110
30743
28757
27248
25869
17943
19778
8729
26881
30385
20055
3446
25937
10189
9509
13799
9134
2788
20881
7883
20682
13683
121
14743
28699
21929
15771
24613
15581
8035
31922
18766
7254
1371
15841
11194
1373
4764
20821
759
285
30778
32295
10953
10519
9023
4223
17601
18022
28392
4863
7185
30279
18194
14175
31647
30680
20207
12884
10840
1824
24573
3767
455
26960
30009
15331
21222
3656
22160
23391
3380
27485
6294
4541
23559
29530
17530
24257
11812
20420
15418
16582
23437
16227
12051
10078
23962
15869
12860
31033
19787
22885
20947
12616
7133
22453
11800
22305
14747
4823
30937
22182
7927
11594
26413
31457
27609
1058
27493
4147
4407
593
19264
29102
14566
14630
26206
1471
24496
25107
16631
28176
21926
11699
9933
28332
6327
1035
31327
20581
15746
6673
1120
17011
23145
106
22375
32605
10471
3960
7144
14621
20771
21652
22627
4223
5061
25752
2523
7114
17928
14241
8330
16546
21520
29203
13523
25901
15743
16093
2168
15477
16451
7934
10253
12813
9649
21064
16557
14584
26072
15715
32235
454
5391
28950
1035
23552
20433
14018
23155
18118
6347
17967
23132
29879
23858
2187
30157
18193
4954
3248
27338
1049
10117
4262
14025
19646
11001
17513
24165
5497
31061
10732
23894
9847
18468
13917
21153
26362
21683
6315
15628
30717
9248
18758
23509
25111
2484
18214
1955
23201
26482
9742
6077
25627
23792
21010
10106
19916
22630
11351
20473
22185
15877
25882
10769
30584
6538
14067
11403
6197
3602
26459
14991
13493
30768
12397
30301
13449
30269
30697
11326
31269
19183
30590
27065
27970
20013
14921
5385
1152
24610
5017
6351
4688
4753
29429
30725
22801
31848
14688
24115
10873
27543
29659
32741
5687
26914
7980
24412
27606
17269
22750
18820
5093
4857
8585
7974
1109
27876
5203
15967
21538
14421
14263
8273
12854
22944
19333
32536
17290
10214
14378
6143
11406
24810
818
24052
18891
3871
27915
12346
23494
5638
7180
26974
10792
22710
30901
23148
25117
11964
7993
1634
13306
6950
2617
12773
29730
31195
23251
6963
17194
5934
25051
28249
315
26034
20072
18854
4280
17999
9619
26207
11297
5781
26491
14772
21304
31057
1421
8691
4962
3422
3586
29692
12111
1726
12456
31989
27101
24041
230
19519
30778
2405
6394
22952
24393
30103
646
23522
16456
11993
2123
25396
22703
29133
21812
3183
14683
5616
1174
24612
30955
1650
1974
12820
25963
15685
1164
5352
31024
29812
4550
13858
5890
438
29712
13908
20865
4163
16531
20879
16833
11494
2235
27679
12600
22611
29502
22389
6874
5052
26202
25445
18306
7071
10078
3986
2452
17634
4971
28966
23520
12321
21884
8390
26570
18247
15780
17605
13992
14683
7575
2967
4716
26781
20076
10889
22915
32466
17313
13488
18941
7132
20320
24095
2029
21133
31744
32605
25363
26557
7887
27927
8120
1946
2063
30737
18138
25920
29758
10594
16777
30858
8859
3809
17297
20007
13541
11227
18777
7664
15462
25095
11531
7032
6192
26299
5877
13541
2215
6239
19760
13311
7231
18467
9855
30087
22919
19437
9337
10954
19047
27797
30955
22902
19621
1109
31352
3499
19374
24955
19586
29269
18324
16737
15950
17338
19795
30623
9570
20559
17496
5503
14130
31696
13636
9650
9724
30863
28141
20545
1265
11021
9893
31430
14229
27591
3264
14555
28776
6994
22096
8403
710
15530
17203
22696
3084
2504
12112
28469
14332
13938
6685
21925
9315
21847
18277
3372
10232
4955
23880
23797
136
15664
9091
9307
11344
17190
18417
7515
29355
12100
19538
9033
24557
16791
332
20931
14478
9930
12975
4068
10123
31991
26877
23481
11273
6845
25642
27129
2619
19603
13216
28144
17287
31835
3974
7613
23012
30523
22338
18109
25223
17832
22844
1607
11198
18883
18405
31386
31260
6121
32761
19
8406
15749
1025
20132
31085
27177
20763
2945
32397
11998
28925
8988
3638
18360
27960
32596
5913
9133
1978
28137
13637
7846
23703
19252
514
8663
20745
17685
6909
7756
29621
18988
9382
5573
12847
31052
19415
9668
1985
9516
2742
18660
2408
16480
13532
17004
29472
17800
3767
26660
6753
28616
29740
15976
27114
22392
21121
6778
19133
18204
31099
16157
7787
23702
1987
10079
11921
19098
30350
29622
13731
20067
2173
11598
25832
11684
8130
21410
3014
20674
16261
26698
17472
19776
15494
27923
18621
29819
24835
2133
22283
14999
2012
17281
17571
2489
29429
6138
10287
21878
24796
15910
15433
652
9644
29380
24454
30416
19249
9856
21939
25960
31820
19396
11870
11066
16281
14034
29849
20388
17744
17424
3066
32110
19561
14498
24294
2045
25348
4414
16911
20681
1543
13116
12604
8465
25609
13293
18761
19405
18287
10798
9070
11236
27604
15933
30148
21151
17071
27595
7428
31325
27439
10834
29586
4489
24938
28584
6587
29130
10423
16597
4923
6009
30040
17698
24067
27992
6493
3954
26169
129
14532
4565
31615
12444
2277
28507
11128
12373
7950
8230
9608
27150
4714
7107
3036
7376
29991
32187
21931
17800
26839
22628
9915
10352
21015
10749
16422
3787
28527
10234
28254
3285
22394
21661
6255
25594
8775
4806
21636
21830
16894
11276
9645
30749
20167
32012
18143
26924
18919
15361
10045
26015
7212
3478
31637
9876
21388
23544
2350
4304
25609
9262
3521
3249
28632
11693
26821
6756
23233
24615
27119
30296
11465
11173
26874
25075
2063
14037
2724
25731
13812
18341
22265
6263
3966
6672
1235
22735
17663
6456
7842
25297
18673
11958
25705
16382
25125
7214
3849
3140
10525
4902
22722
27765
29878
32536
28407
18680
31241
13765
12593
8383
9108
461
24935
2168
25493
15229
10621
10760
1463
25576
6666
22581
17392
30265
1630
2722
8874
25415
25028
22017
22561
27498
516
13444
17164
19086
27436
12948
13439
27269
2192
21446
4368
4002
30480
17419
3385
13187
17561
10535
2301
558
18671
10340
20174
11616
31657
29831
14767
2593
27517
30723
1686
11420
15037
28525
21780
30254
17698
2096
6967
18877
21193
22402
4272
23115
31867
15766
21809
18378
9521
2323
22041
32306
11479
28358
14163
2770
16465
10643
17275
23523
27324
22194
10051
7779
19446
25112
31766
11809
6240
5938
26107
19476
17890
10713
18619
3824
2608
19331
22598
16891
3660
8374
2131
9757
31565
10947
8007
18743
17502
31152
28760
26550
21001
14966
242
3176
29366
30061
7513
25230
13422
4356
8337
28210
3045
27829
29563
7867
27832
10296
1856
28606
14067
27383
20210
3095
7638
16323
31857
10041
27609
22725
1164
194
18413
20407
11881
18003
24581
13908
12839
18334
7381
2828
10945
12480
17113
26109
24374
16082
9370
29215
9959
8890
18989
1726
27968
1607
12796
29998
6298
26494
3785
24250
22624
15918
9967
9949
7793
8139
14571
21941
18374
21880
2332
32436
14421
6246
31943
32665
28213
26717
26206
11166
20482
12440
26370
14067
14979
11990
2374
30316
4490
20654
31030
18295
22556
31523
32152
13392
5074
28792
5745
10360
32639
18502
25803
18787
20755
11723
16310
18288
5824
22661
6797
15135
28507
29439
8314
25215
8708
25580
10556
21221
22793
11634
27432
29411
1032
22216
3694
20600
9556
5123
1438
10117
3738
8237
20331
11392
20677
32152
1454
28524
25374
4209
23982
27401
17848
18328
32158
5192
8971
18351
19303
32257
13535
19570
6312
25832
28780
13382
20475
14270
15807
27156
1915
28612
15967
8535
7299
19829
26417
6260
15544
19828
29081
21835
73
27076
26594
4107
31093
31543
20704
16458
23886
20265
16083
85
10685
17773
17807
15044
27847
2696
7130
22098
4366
16925
27670
21484
21403
13737
6176
4872
18138
23409
29815
12344
1766
18872
16033
12799
775
27188
21194
30691
122
451
25775
8131
14960
24667
16314
21867
17240
19775
21102
16486
2913
889
2310
1043
12347
21124
15193
1532
31262
14153
12801
28258
10766
333
1724
5917
32093
22568
25618
23715
2673
13625
26681
1382
23240
9624
12085
13155
26168
26700
18499
5111
21372
15550
6776
16885
8684
30062
31910
3575
8332
8933
1151
8433
22088
27371
20733
11532
16254
24569
21505
8369
1213
27889
24378
4067
3789
10509
30792
18387
7151
10261
14369
16558
14949
6870
14772
25018
19509
21455
23501
19361
30763
1069
23097
7437
11293
17658
554
25972
5234
16529
1501
14902
11493
4181
13177
8677
20103
8866
4923
18915
24323
15620
12496
14899
1318
28327
5122
31625
1695
1807
11415
25507
13059
25865
13686
31708
20
12770
21260
13823
15170
23766
28910
25433
29810
27339
8896
8722
1535
28224
3157
13501
24062
15232
5399
30765
27847
11547
27306
27530
23729
3222
5836
32421
30492
29538
11392
6793
23221
14347
20587
6227
26357
15282
8318
6723
235
11197
16085
31506
5436
3021
991
18310
31592
7152
7104
30277
7758
28441
4851
20967
3571
17869
5684
18766
24191
286
27037
6714
30856
16861
23311
2584
16019
2060
13267
8475
11224
26258
28033
7054
20550
7986
11809
1385
19911
15038
20369
13346
15045
29064
30247
4805
3565
30746
31382
29767
30515
1063
11030
24600
18966
7617
10175
3319
23845
4299
24118
32266
706
4786
26764
30254
32550
28760
21347
13708
8101
22609
3923
13677
22323
5458
4492
22095
1064
19686
26556
13367
17216
5731
17203
5450
29670
32285
16197
9879
20914
18649
26351
31544
18224
2949
15806
409
24035
27430
20461
25367
28553
6417
3533
461
31905
24414
30314
2218
19499
20890
21868
16839
14511
30140
6203
9976
20096
31066
32359
24738
8002
18205
10566
9932
28330
4211
20191
14456
7301
8067
5126
23859
28668
1382
20937
9451
10262
30868
18955
23041
30078
30620
3951
22943
16775
1049
9336
17996
26221
2529
5614
18621
15582
18047
5251
21230
8888
17636
20918
6514
24341
16729
9208
14088
1925
2488
13837
11886
19098
11740
17846
15994
17322
5206
13709
15462
15312
18273
30256
26732
31796
3609
2721
28818
5516
9703
11245
5576
16611
12352
20492
10032
15769
10383
6153
18365
20652
30319
26979
12799
18741
28702
14002
28221
11830
24878
15245
11973
31122
27006
12204
18048
1117
18537
13642
28105
2134
26685
1741
18815
23218
15855
10153
26713
17436
20749
7298
10874
6649
32755
28305
18246
31984
21570
32328
25971
24746
31630
26937
31075
16598
14423
1844
23985
10097
24379
17071
23050
26692
13417
20587
3134
13742
15705
2645
26518
29347
23227
29099
15977
26101
16045
7263
2538
13010
4912
4544
25668
14991
25821
23127
26857
19363
9684
18191
28454
16887
23798
13210
21244
31837
21844
18447
16427
19293
25062
32216
13199
15672
2433
27595
9903
27431
12035
7575
6548
11236
2513
31330
28375
20331
643
32432
19966
18434
18397
19847
9
25719
12289
23761
31303
32681
14820
16641
2926
18761
17151
23545
24299
3042
17735
29483
19063
5143
12638
28927
6635
7469
14603
21877
19797
26313
7656
6668
32075
22522
22618
3298
22911
21369
10950
26396
30100
8496
29954
8840
22576
4346
23562
21121
83
15018
6645
1044
21735
32590
2599
26977
12952
12213
17863
21571
3045
31790
25716
17459
20343
4499
13619
2921
2226
1926
940
20293
28299
1019
15767
26606
21657
14327
3185
25401
12910
6550
14195
11980
13607
32595
25028
11651
3906
132
30958
15378
31408
16164
26511
26860
8491
32469
24657
25444
24266
11557
21787
26130
4819
16145
28297
8313
29392
1992
6042
25574
5093
27825
29097
6043
7776
6830
17567
14381
24466
8355
16230
26155
11742
4914
7329
18432
21263
7625
32666
17179
28910
9439
7547
20557
5141
23930
1730
28530
26878
32245
9455
32339
18271
27648
16511
30411
1978
3048
8990
22569
22319
5401
10777
16342
32150
4065
23826
30008
18890
24694
23799
27861
6215
827
16181
1724
10232
24127
10536
3105
12618
19462
16342
12359
29573
17293
16350
6307
11356
16776
20907
12350
11715
22254
28141
19035
1536
183
26186
22618
28165
11493
26192
14044
29181
4289
175
22056
2085
13415
7333
16845
2525
22404
22457
19337
17151
4959
12204
23914
2927
24086
2221
14131
7923
21290
25548
6913
10053
25918
22961
11566
11367
23836
11662
2934
24375
18937
3154
24408
29251
18170
19488
28607
29918
14839
16383
30178
25716
28542
29651
14697
26650
14363
25740
14289
27241
27350
2205
23313
1421
28926
15535
894
30105
16165
26775
26860
1309
24428
28806
5910
10235
28929
18048
2368
14454
16613
12304
10522
2700
24563
5177
13544
18822
23070
26031
20704
21453
29434
32072
18387
2303
2942
30893
16144
15938
5384
29013
24966
19673
13729
8116
17960
28405
386
16047
5526
24269
28120
17236
13049
27632
24773
15560
27694
31450
679
28800
29992
8902
13468
1716
12943
24004
20550
23313
6061
32523
5323
17839
7051
25488
25888
28738
2391
4312
15240
2964
12297
13834
30295
31027
13639
17224
25084
15718
3973
2879
9278
19814
27504
8957
27846
3531
141
29699
3806
5445
6429
13468
26744
1932
20805
14957
14962
7322
20843
23372
22040
10263
2019
20566
17387
13589
9675
20283
18337
2557
25395
19933
25964
10441
20098
9242
19583
8052
11028
32741
19151
15535
9000
24476
11798
31958
20730
1685
13854
17186
25388
8187
31804
13088
24682
984
29722
15970
20046
21106
27066
14964
16257
23003
8376
4881
3364
31172
30928
27799
16238
31122
15263
19129
27030
1204
30638
3956
31987
16691
3244
26180
22370
13450
19707
28567
4328
27321
22639
16514
19608
5013
5202
2739
4279
2658
25771
167
27167
31651
2751
18973
24289
7473
19673
7370
29742
11403
19271
19790
19320
10093
9893
27751
6868
29348
23390
17508
1187
25376
30319
19165
4721
23883
1902
23202
22301
32409
29643
18929
31802
1376
3927
12524
16054
27371
7682
29769
7865
25546
8937
26700
18128
14955
8336
8178
28235
14319
11883
15472
15076
3894
1956
20699
26017
32316
30488
11817
9979
6569
17571
11096
11839
30371
1949
15853
10293
9959
676
30368
6400
15128
27804
13910
3397
16214
19189
12111
26255
26131
16684
1697
18162
21794
31125
10725
24559
18705
2903
11568
10392
697
440
17733
16116
13075
26779
12808
30885
22862
582
11574
26312
18206
2665
12628
20765
16214
10844
11493
27752
25273
681
30176
20503
24333
28106
4449
28452
5234
24628
9119
6205
9458
2452
7198
16675
8793
7000
29222
8528
20039
22641
1395
24540
8323
21079
30510
22689
1938
30542
3868
15518
6025
21993
278
4505
6943
14796
9913
21768
15110
1461
350
17970
12156
28350
6220
7058
12317
31964
1837
10108
5627
29868
20671
12291
25584
3695
18892
32281
10547
7762
12380
26616
29226
4596
17193
23233
15231
26402
27987
10083
7030
32741
23125
5823
5502
30654
1592
2314
19462
24112
7687
9330
1169
31359
17538
22276
12813
31928
3862
12237
31072
16369
20237
21311
25669
466
31491
3799
13910
13140
19609
20477
6249
18121
26221
556
3616
7965
5705
6226
27068
1115
1946
17786
12850
16754
31268
10408
12161
20282
20725
28676
4418
12466
3479
14139
25473
25740
2954
9507
17867
4075
4081
3230
6280
18027
396
5312
5260
4962
23782
11316
232
10341
14544
19419
31494
21774
28429
19639
1269
11261
15695
21768
19969
31005
29283
8372
27015
27944
31656
10476
26631
8814
26309
28429
1659
24274
11163
28356
26599
14101
21113
31606
3378
30551
19087
3295
32564
29914
1190
16121
24336
11530
9742
2335
20676
21946
26583
28786
29694
17073
30276
14716
24370
17509
25724
23827
20713
25606
2179
17536
2908
8382
21353
4321
3649
4664
31169
29132
8933
5215
85
20277
28283
24680
280
19090
32435
14098
15452
23356
1167
44
19013
2585
12659
856
126
4216
27259
7696
24618
24124
17936
6886
8222
19261
1982
3600
10061
30699
3648
23331
2947
8501
26589
18463
26711
27561
248
16812
8795
27100
8418
13475
27285
25100
10482
8400
5683
5892
18904
18679
7802
6208
9006
9236
23808
23890
336
29671
22555
12420
11630
9392
13209
11455
991
23096
6577
21163
17592
19984
12346
31000
21150
25373
28187
7325
21464
4693
25859
21118
27048
5315
21338
25299
29148
28369
4727
19943
1696
16582
13587
16607
12438
142
27133
15772
32553
186
30480
31202
31518
26823
24675
14777
10091
675
4031
10515
1101
365
4182
30896
18581
9596
12977
16959
17730
24996
11499
30662
10069
26036
2845
25155
3041
12867
1049
29588
6754
6573
1627
28564
6479
21080
4412
12423
12531
32316
11881
2744
20600
19362
8084
4960
26949
4907
5225
20170
29834
5909
31940
2485
30488
18362
19233
25082
30583
12633
15188
17006
6706
30489
29050
22026
22646
32587
1327
13897
1243
13552
19713
22738
4738
635
32293
87
21088
27096
29801
13501
6873
23980
13930
1661
3473
16351
2567
8522
28543
10584
11541
29172
18243
24327
1620
25484
13753
6185
25250
30665
15566
31175
4719
16042
26770
27520
31601
29021
3727
10633
29337
13408
5978
14322
29253
17638
1639
6955
183
5500
13345
31174
23238
7660
28218
2942
14035
25185
29248
31097
13311
30157
30322
5066
18843
31624
13521
58
19169
27706
11386
17992
21217
8698
3378
23662
11453
28599
323
6822
3097
18391
18823
13869
10702
13855
24514
10887
6366
12499
4916
13251
26541
1310
21359
15872
24942
25267
7527
28208
987
19125
16072
10268
32041
26069
25484
13737
17979
1466
8652
29529
11542
21925
30678
9748
25493
32341
28801
24105
26205
16680
25021
2960
20500
20100
31086
10098
27854
23413
3195
5866
8648
14999
23585
11022
32089
31799
17806
25129
805
22965
4011
20043
2196
28716
19257
17668
13699
3669
31007
15468
32057
6569
27394
31078
9116
20166
4631
29478
8868
24852
12341
4081
1041
15784
7983
7972
857
30057
8800
13432
3045
4721
30343
18564
26492
23734
5078
17028
12544
20969
22085
20312
24408
21662
44
10704
31917
22190
19217
14374
24025
729
31422
8908
28188
10672
9879
18536
25361
30131
11563
13086
27873
10934
1545
29453
14007
29833
26069
540
19316
2263
26779
5366
12963
8271
13922
32083
22959
2818
22021
378
7507
25612
8766
19715
1875
10359
5380
24290
5226
13660
23831
6305
5763
29003
29145
21229
1836
9453
6495
6996
24135
18152
5320
32589
16642
16131
26317
2169
7434
25739
26778
20008
1020
15349
8412
16415
23325
14276
4380
3737
13130
174
27979
21387
23858
2298
29086
24876
3522
28460
19100
22965
9953
29668
17269
29797
30814
1796
11925
5065
3366
12305
15481
4410
22715
21980
13505
24999
22753
10593
17799
30613
32667
14319
23792
1635
31061
26761
16640
2771
9059
26765
22963
15558
18090
19347
24905
20039
27293
25240
28385
7115
21612
3676
3913
12727
1655
4360
24597
19235
21513
8980
24814
11742
23875
20328
28461
1970
1878
23233
8105
12521
17654
14935
27340
30735
17163
23997
24301
23290
19881
20488
19673
20744
322
29747
8883
2728
7194
24770
26879
18972
1020
7846
5625
14717
21548
20321
11051
25087
1948
32362
20798
10358
4962
8659
26129
29465
1386
3625
12552
23686
31592
24988
12711
6151
1553
10847
15455
27412
19595
19538
22951
24601
1058
27103
6991
5753
4156
21537
23569
21458
24207
17996
7530
14979
21393
28745
30632
18795
23344
5280
20547
2292
29124
15771
19056
2384
14658
19881
9716
5635
28338
28416
54
17058
21475
9862
11161
13530
24925
3570
4360
20403
21655
31022
20435
9238
28266
2816
4025
19086
30150
31978
14662
2635
21156
7759
2143
29036
21819
20182
11547
17022
32119
30740
28372
23359
22183
19045
1406
30888
15222
16666
7480
31787
5660
12762
14369
5690
28885
27458
25197
31240
27282
9935
27832
32403
25583
20990
8345
20706
30822
29361
9083
7051
6082
10965
31656
18297
21462
8002
27559
14828
13934
17890
6088
13249
13190
24342
10749
13812
3002
7765
26603
3939
13054
17943
28481
30677
3983
15089
3145
23610
9514
20993
24253
16437
123
24204
16603
22743
30424
17126
9403
17582
3631
2194
23521
1278
8509
17323
32015
7246
5121
17794
23644
30246
11377
25225
18826
31768
25451
20336
2197
31741
16878
22925
14472
17281
7818
32385
7316
5346
20245
10009
31587
22772
8864
2418
2218
12905
14249
30305
3326
22095
659
5649
16360
19930
6227
22510
2107
1380
4459
6594
5797
19634
6428
18974
3717
11385
31959
2556
12540
13600
20470
4514
15943
10952
30633
23754
332
12938
13107
25087
14706
25855
29782
22858
22198
27142
7179
22030
15356
449
28535
14385
31650
7905
22811
14460
16987
30244
19019
5189
25659
10011
20705
7243
16398
25137
13618
10977
27886
12265
13377
17743
26133
15719
10803
27765
10479
21042
16643
24753
31091
21304
30583
23811
16564
30483
5203
3439
14771
3978
22988
17571
24696
3163
3391
13530
22369
6968
10019
12288
14009
2319
16189
13079
31372
18574
2322
16601
698
16871
29858
20383
22859
20432
18259
20097
13058
3534
16684
1471
24117
23476
8771
22112
5084
14950
9337
7448
24295
26083
15716
15471
3541
20611
15501
4640
25218
25469
6620
23487
29760
10411
2128
20127
30762
16786
8435
26355
25525
20381
14862
12851
7560
12713
16025
6338
12430
15046
6645
27341
13641
17980
3038
13430
25961
19661
30875
7474
3485
24378
2423
22127
20905
10761
12661
23931
30393
26244
27200
5281
10228
23813
15713
30613
26965
23665
28084
28434
11446
19203
21789
1985
15662
13387
19063
4189
29853
30838
9165
25365
28549
207
10445
24113
13084
7558
2425
20473
31135
28848
11552
22994
6376
2704
28045
3755
14147
6933
4734
20631
17022
23715
8536
12731
23871
7191
21784
23659
13978
517
21133
18064
32739
323
27845
13389
29889
3756
3525
19938
10628
1566
6012
19664
5049
24773
20730
1086
251
8348
13278
18587
28684
5424
11789
31365
36
23976
11178
14569
27272
19458
32066
32364
14943
3487
28230
11786
14017
15618
8127
21245
13074
16597
31549
6113
14734
7212
21008
14613
17444
5134
31931
30308
30600
20018
3750
18405
5252
19718
29203
23071
5007
27893
83
5489
7840
18154
27194
13490
23876
7184
1232
12052
18159
11997
20041
31054
28559
11598
16184
25082
615
4212
15359
3387
24347
5423
14986
21412
3335
12858
28733
2133
30933
12135
7210
27239
12367
16940
16776
17803
4209
21343
26208
1517
6595
21054
10890
17247
24294
14514
19160
1971
16748
9429
25745
21608
28909
11185
3361
11146
24662
18763
4622
8147
9605
4576
29998
12310
30483
2158
31000
29150
15473
15990
20952
20306
25655
8448
19943
23643
29880
5857
2906
1801
2778
21561
3417
10035
15141
1855
17875
12638
2329
16961
26480
4320
26821
18150
5063
27974
32405
5815
14802
24306
4460
27869
14494
22281
25330
1324
6727
16012
25136
21601
31524
4292
27738
5544
28991
29924
4075
20834
2056
6890
1527
16676
9290
24518
21949
13571
25693
31934
22141
24079
20638
17937
905
8733
28700
15578
22173
23754
5524
30776
7283
12732
30880
10668
30611
21547
28459
16578
1385
26528
23336
29172
22937
24061
8323
9419
17303
30398
14168
3399
4722
17278
11876
29825
19184
21949
12729
29839
992
31200
27061
11176
23724
9081
17972
10888
16942
28361
2565
8726
30148
23428
10907
5189
2727
9427
22533
3128
19832
23199
16673
8617
18972
8205
26636
19339
25546
13125
6876
17902
13154
8824
25746
3876
8193
21025
2634
16418
26066
14475
26805
17448
32551
29331
17865
13221
9160
5551
27319
22101
21130
25391
6686
4268
6436
16579
13950
16503
3647
6718
11503
19649
12748
4249
30739
27891
10138
6715
20297
27456
40
30839
22051
26176
952
9815
24603
21979
13220
9368
7297
22377
30197
18165
16056
1303
7986
26281
30370
23693
20086
7727
19801
30926
20421
29260
14880
9055
30880
3151
921
171
13015
27032
16696
23462
10655
9303
4343
21681
19684
14742
21835
30654
7905
28794
3927
32180
32749
18117
10592
15637
27800
1696
17794
3550
25078
27032
25761
9390
23611
27878
31138
10539
9096
15091
15578
2977
23301
19995
21446
24045
1584
12465
8445
13210
30837
32324
20580
19785
25342
2593
29601
4950
29900
20249
17106
9144
16647
3205
21886
30505
24466
13447
26571
24968
31715
3986
32754
29051
17938
14636
2033
29528
31279
23026
12160
6982
29145
17117
10821
6815
29708
19909
7755
9369
14139
10019
22193
9766
18847
25883
3743
13592
21454
4026
26750
31369
27023
32380
25961
7290
23789
12049
28894
27322
18314
31072
21690
21258
15926
17613
10596
24702
25280
8887
5704
18982
18444
29253
30343
21742
23654
29027
13804
3267
19990
24327
31267
6391
7733
4793
27685
12263
21951
11602
13815
28123
4329
18180
2196
4909
21684
16026
15912
28078
25282
3585
27774
28997
32616
18440
31676
17369
24070
9060
5454
16497
10131
14071
32544
13722
20348
19282
14096
25354
10927
25976
25251
31362
31986
28388
26358
10233
28794
7886
15608
25846
11193
2219
21975
6974
31095
29683
9144
23215
14116
24870
6827
9836
32109
24593
15838
7482
14093
6990
3345
298
6630
15626
26185
25209
13904
4362
12233
29108
4273
2032
24126
15647
31054
32699
11066
23896
5728
30094
4067
21816
21611
1202
22509
10490
12491
22237
24773
28831
4751
27061
22799
27024
9611
19856
5203
19334
27561
16766
18163
25767
30848
20617
15969
16626
2856
21563
27022
24796
31308
97
17830
17211
9856
23567
762
18020
26325
19428
30270
9360
9131
4495
10740
3973
5063
25746
9256
12146
20390
2118
13406
2330
12048
800
24009
3892
9456
23346
12733
25362
3426
31733
11879
2178
8718
10565
30140
4338
2229
9133
28847
471
12297
25061
12967
31311
28354
921
12592
23556
6382
24940
9200
31572
32648
24125
8414
6832
3661
23977
18606
13634
31691
977
6031
23763
16315
8797
11801
12011
17296
30401
9857
9530
336
7614
18960
17718
1187
24620
15059
29446
554
15608
26003
27551
30993
21609
20487
10797
4840
6311
5961
15540
13742
26493
12935
19447
31791
29022
19963
23193
2193
4518
21021
32642
25897
31779
27415
8068
26515
25556
9337
27198
18945
32496
27950
7745
28371
3114
6063
22642
616
15668
10870
29360
28468
10882
5302
13750
22547
13392
6985
25154
3293
29926
4585
21879
11579
10267
13476
19583
28089
11288
13706
2934
13084
32606
21161
27523
30709
24587
2107
5192
12406
28760
13085
25725
8325
1127
14211
19927
22543
32060
32747
10287
18847
21769
26703
16352
12079
16558
27039
9073
12606
2688
6510
29812
1058
2633
20972
16301
28576
24209
5652
8311
29882
19228
1574
13156
1480
24756
30808
7204
1226
21033
2504
8872
31741
6805
15286
11142
17580
22756
28912
4000
4169
1172
24461
5889
1980
24506
19166
6919
29947
19014
6562
5063
10971
23175
7289
5293
7974
24306
6300
31843
27373
11551
27338
23540
9503
25108
22150
22834
19291
30662
21887
4181
11523
21469
31568
14564
3218
13240
16745
4569
27439
6577
20301
22784
12930
8098
4863
20896
12486
21160
15798
7773
6943
31782
30936
29277
2606
31757
26406
23978
9443
6235
17972
14551
28051
26082
17437
29671
25931
11851
23924
19562
31075
30554
22398
12009
28502
3956
10910
18308
17105
17246
28944
1498
10761
8519
11738
6185
13394
27913
0
8630
14062
10668
5624
12400
31778
23595
30045
13776
26767
27515
27368
1795
2752
16842
13979
10315
18688
4869
18495
26531
8558
27804
8209
2722
12371
29321
10169
5025
28850
28047
6011
25120
27425
3775
15281
12902
18136
3137
11897
16488
28936
31569
22955
4588
20078
2952
21774
11246
11047
1885
29899
14147
23750
15851
7201
22652
19108
14837
10331
16141
20599
27175
2047
12207
12070
7838
21065
3586
32732
32683
29399
10615
23900
25044
15782
20845
14228
6940
32573
29850
1396
15749
23848
20397
18688
23250
6824
28465
6564
13713
5545
2229
10440
857
4084
28458
29861
9297
6310
9868
7511
29681
10721
23237
4147
5901
20161
15822
32090
27407
26002
4375
19342
31364
21056
24105
32325
6874
13582
8842
16892
5991
31115
29408
4814
-1